0000000045326.21,45326.21,45326.21,21-09-12-06-20
0000000045326.21,45326.21,45326.21,21-09-12-06-21
0000000045327.6,45327.6,45327.6,21-09-12-06-22
0000000045324.06,45324.06,45324.06,21-09-12-06-23
0000000045324.06,45324.06,45324.06,21-09-12-06-24
0000000045322.16,45322.16,45322.16,21-09-12-06-26
0000000045325.86,45325.86,45325.86,21-09-12-06-27
0000000045319.11,45319.11,45319.11,21-09-12-06-28
0000000045313.57,45313.57,45313.57,21-09-12-06-29
0000000045317.13,45317.13,45317.13,21-09-12-06-30
0000000045318.16,45318.16,45318.16,21-09-12-06-31
0000000045319.83,45319.83,45319.83,21-09-12-06-32
0000000045283.07,45283.07,45283.07,21-09-12-06-33
0000000045280.53,45280.53,45280.53,21-09-12-06-34
0000000045272.86,45272.86,45272.86,21-09-12-06-35
0000000045260.25,45260.25,45260.25,21-09-12-06-36
0000000045260.25,45260.25,45260.25,21-09-12-06-37
0000000045264.65,45264.65,45264.65,21-09-12-06-38
0000000045261.7,45261.7,45261.7,21-09-12-06-39
0000000045245.12,45245.12,45245.12,21-09-12-06-40
0000000045243.68,45243.68,45243.68,21-09-12-06-41
0000000045255.43,45255.43,45255.43,21-09-12-06-42
0000000045254.06,45254.06,45254.06,21-09-12-06-43
0000000045256.17,45256.17,45256.17,21-09-12-06-44
0000000045261.31,45261.31,45261.31,21-09-12-06-45
0000000045263.63,45263.63,45263.63,21-09-12-06-46
0000000045288.9,45288.9,45288.9,21-09-12-06-47
0000000045304.51,45304.51,45304.51,21-09-12-06-48
0000000045300.26,45300.26,45300.26,21-09-12-06-49
0000000045309.07,45309.07,45309.07,21-09-12-06-50
0000000045302.01,45302.01,45302.01,21-09-12-06-51
0000000045263.73,45263.73,45263.73,21-09-12-06-52
0000000045260.85,45260.85,45260.85,21-09-12-06-53
0000000045260.25,45260.25,45260.25,21-09-12-06-54
0000000045259.44,45259.44,45259.44,21-09-12-06-55
0000000045266.72,45266.72,45266.72,21-09-12-06-56
0000000045267.37,45267.37,45267.37,21-09-12-06-57
0000000045284.04,45284.04,45284.04,21-09-12-06-58
0000000045302.44,45302.44,45302.44,21-09-12-06-59
0000000045320.63,45320.63,45320.63,21-09-12-07-00
0000000045304.72,45304.72,45304.72,21-09-12-07-01
0000000045282.93,45282.93,45282.93,21-09-12-07-02
0000000045263.18,45263.18,45263.18,21-09-12-07-03
0000000045263.18,45263.18,45263.18,21-09-12-07-04
0000000045254.76,45254.76,45254.76,21-09-12-07-05
0000000045287.65,45287.65,45287.65,21-09-12-07-06
0000000045305.42,45305.42,45305.42,21-09-12-07-07
0000000045318.07,45318.07,45318.07,21-09-12-07-08
0000000045318.07,45318.07,45318.07,21-09-12-07-09
0000000045301.73,45301.73,45301.73,21-09-12-07-10
0000000045303.23,45303.23,45303.23,21-09-12-07-11
0000000045307.19,45307.19,45307.19,21-09-12-07-12
0000000045304.71,45304.71,45304.71,21-09-12-07-13
0000000045304.71,45304.71,45304.71,21-09-12-07-14
0000000045328.45,45328.45,45328.45,21-09-12-07-15
0000000045328.45,45328.45,45328.45,21-09-12-07-16
0000000045324.82,45324.82,45324.82,21-09-12-07-18
0000000045324.82,45324.82,45324.82,21-09-12-07-19
0000000045303.25,45303.25,45303.25,21-09-12-07-20
0000000045290.25,45290.25,45290.25,21-09-12-07-21
0000000045290.25,45290.25,45290.25,21-09-12-07-22
0000000045302.96,45302.96,45302.96,21-09-12-07-23
0000000045302.12,45302.12,45302.12,21-09-12-07-24
0000000045302.33,45302.33,45302.33,21-09-12-07-25
0000000045312.75,45312.75,45312.75,21-09-12-07-26
0000000045372.14,45372.14,45372.14,21-09-12-07-27
0000000045370.76,45370.76,45370.76,21-09-12-07-28
0000000045370.76,45370.76,45370.76,21-09-12-07-29
0000000045390.32,45390.32,45390.32,21-09-12-07-30
0000000045390.32,45390.32,45390.32,21-09-12-07-31
0000000045440.57,45440.57,45440.57,21-09-12-07-32
0000000045455.31,45455.31,45455.31,21-09-12-07-33
0000000045463.16,45463.16,45463.16,21-09-12-07-34
0000000045471.17,45471.17,45471.17,21-09-12-07-35
0000000045492.78,45492.78,45492.78,21-09-12-07-36
0000000045480.46,45480.46,45480.46,21-09-12-07-37
0000000045454.01,45454.01,45454.01,21-09-12-07-38
0000000045464.54,45464.54,45464.54,21-09-12-07-39
0000000045455.38,45455.38,45455.38,21-09-12-07-40
0000000045458.2,45458.2,45458.2,21-09-12-07-41
0000000045419.63,45419.63,45419.63,21-09-12-07-42
0000000045424.77,45424.77,45424.77,21-09-12-07-43
0000000045421.37,45421.37,45421.37,21-09-12-07-44
0000000045418.19,45418.19,45418.19,21-09-12-07-45
0000000045413.02,45413.02,45413.02,21-09-12-07-46
0000000045395.71,45395.71,45395.71,21-09-12-07-47
0000000045389.06,45389.06,45389.06,21-09-12-07-48
0000000045390.3,45390.3,45390.3,21-09-12-07-49
0000000045388.39,45388.39,45388.39,21-09-12-07-50
0000000045385.69,45385.69,45385.69,21-09-12-07-51
0000000045389.9,45389.9,45389.9,21-09-12-07-52
